Final SSE Objective: 0.06298831954084146
K: 0.3562231735602847
T1: 164.90136281744202
T2: 41.937854162157095
theta: 1.058634883965729

FOPDT
Final SSE Objective: 0.07168520488658303
K: 0.36494176878746953
T: 195.32917074463708
theta: 27.848711216640375
